  (1,0)   (0,0)   (0,0)   (0,0) (-8.04558e-15,-131.394)   (1.19964e-14,195.917)   (1.34298e-14,219.326)   (1.20154e-14,196.227)   (0,0)   (0,0)   (0,0)   (0,0)   (0,0)   (0,0)   (0,0)   (0,0)   (0,0)   (0,0)   (0,0)   (0,0)   (0,0)   (0,0)   (0,0)   (0,0)
  (0,0)   (1,0)   (0,0)   (0,0)   (1.20644e-14,197.026) (-8.08284e-15,-132.003)   (1.20573e-14,196.911)   (1.33565e-14,218.128)   (0,0)   (0,0)   (0,0)   (0,0)   (0,0)   (0,0)   (0,0)   (0,0)   (0,0)   (0,0)   (0,0)   (0,0)   (0,0)   (0,0)   (0,0)   (0,0)
  (0,0)   (0,0)   (1,0)   (0,0)    (1.34301e-14,219.33)   (1.19919e-14,195.843) (-8.03943e-15,-131.294)   (1.20143e-14,196.208)   (0,0)   (0,0)   (0,0)   (0,0)   (0,0)   (0,0)   (0,0)   (0,0)   (0,0)   (0,0)   (0,0)   (0,0)   (0,0)   (0,0)   (0,0)   (0,0)
  (0,0)   (0,0)   (0,0)   (1,0)    (1.2078e-14,197.248)   (1.33572e-14,218.139)   (1.20661e-14,197.054) (-8.10133e-15,-132.305)   (0,0)   (0,0)   (0,0)   (0,0)   (0,0)   (0,0)   (0,0)   (0,0)   (0,0)   (0,0)   (0,0)   (0,0)   (0,0)   (0,0)   (0,0)   (0,0)


(0,0)   (0,0)   (0,0)   (0,0)   (0,0)   (0,0)   (0,0)   (0,0)   (1,0)   (0,0)   (0,0)   (0,0) (-8.04558e-15,-131.394)   (1.19964e-14,195.917)   (1.34298e-14,219.326)   (1.20154e-14,196.227)   (0,0)   (0,0)   (0,0)   (0,0)   (0,0)   (0,0)   (0,0)   (0,0)

(0,0)   (0,0)   (0,0)   (0,0)   (0,0)   (0,0)   (0,0)   (0,0)   (0,0)   (1,0)   (0,0)   (0,0)   (1.20644e-14,197.026) (-8.08284e-15,-132.003)   (1.20573e-14,196.911)   (1.33565e-14,218.128)   (0,0)   (0,0)   (0,0)   (0,0)   (0,0)   (0,0)   (0,0)   (0,0)

(0,0)   (0,0)   (0,0)   (0,0)   (0,0)   (0,0)   (0,0)   (0,0)   (0,0)   (0,0)   (1,0)   (0,0)    (1.34301e-14,219.33)   (1.19919e-14,195.843) (-8.03943e-15,-131.294)   (1.20143e-14,196.208)   (0,0)   (0,0)   (0,0)   (0,0)   (0,0)   (0,0)   (0,0)   (0,0)
  (0,0)   (0,0)   (0,0)   (0,0)   (0,0)   (0,0)   (0,0)   (0,0)   (0,0)   (0,0)   (0,0)   (1,0)    (1.2078e-14,197.248)   (1.33572e-14,218.139)   (1.20661e-14,197.054) (-8.10133e-15,-132.305)   (0,0)   (0,0)   (0,0)   (0,0)   (0,0)   (0,0)   (0,0)   (0,0)
  

(0,0)   (0,0)   (0,0)   (0,0)   (0,0)   (0,0)   (0,0)   (0,0)   (0,0)   (0,0)   (0,0)   (0,0)   (0,0)   (0,0)   (0,0)   (0,0)   (1,0)   (0,0)   (0,0)   (0,0) (-8.04558e-15,-131.394)   (1.19964e-14,195.917)   (1.34298e-14,219.326)   (1.20154e-14,196.227)
  

(0,0)   (0,0)   (0,0)   (0,0)   (0,0)   (0,0)   (0,0)   (0,0)   (0,0)   (0,0)   (0,0)   (0,0)   (0,0)   (0,0)   (0,0)   (0,0)   (0,0)   (1,0)   (0,0)   (0,0)   (1.20644e-14,197.026) (-8.08284e-15,-132.003)   (1.20573e-14,196.911)   (1.33565e-14,218.128)
  

(0,0)   (0,0)   (0,0)   (0,0)   (0,0)   (0,0)   (0,0)   (0,0)   (0,0)   (0,0)   (0,0)   (0,0)   (0,0)   (0,0)   (0,0)   (0,0)   (0,0)   (0,0)   (1,0)   (0,0)    (1.34301e-14,219.33)   (1.19919e-14,195.843) (-8.03943e-15,-131.294)   (1.20143e-14,196.208)


(0,0)   (0,0)   (0,0)   (0,0)   (0,0)   (0,0)   (0,0)   (0,0)   (0,0)   (0,0)   (0,0)   (0,0)   (0,0)   (0,0)   (0,0)   (0,0)   (0,0)   (0,0)   (0,0)   (1,0)    (1.2078e-14,197.248)   (1.33572e-14,218.139)   (1.20661e-14,197.054) (-8.10133e-15,-132.305)


(0,0)   (0,0)   (0,0)   (0,0)   (0,0)   (1,0)   (0,0)   (0,0)   (0,0)   (0,0)   (0,0)   (0,0)   (0,0)   (0,0)   (0,0)   (0,0)   (0,0)   (0,0)   (0,0)   (0,0)   (0,0)   (0,0)   (0,0)   (0,0)


(0,0)   (0,0)   (0,0)   (0,0)   (0,0)   (0,0)   (0,0)   (0,0)   (0,0)   (0,0)   (0,0)   (0,0)   (0,0)   (1,0)   (0,0)   (0,0)   (0,0)   (0,0)   (0,0)   (0,0)   (0,0)   (0,0)   (0,0)   (0,0)

(0,0)   (0,0)   (0,0)   (0,0)   (0,0)   (0,0)   (0,0)   (0,0)   (0,0)   (0,0)   (0,0)   (0,0)   (0,0)   (0,0)   (0,0)   (1,0)   (0,0)   (0,0)   (0,0)   (0,0)   (0,0)   (0,0)   (0,0)   (0,0)


(0,0)   (0,0)   (0,0)   (0,0)   (0,0)   (0,0)   (0,0)   (0,0)   (0,0)   (0,0)   (0,0)   (0,0)   (0,0)   (0,0)   (0,0)   (0,0)   (0,0)   (0,0)   (0,0)   (0,0)   (0,0)   (0,0)   (0,0)   (1,0)

PRESSURE_3 - PRESSURE_5 = 0
(0,0)   (0,0)   (1,0)   (0,0)   (0,0)   (0,0)   (0,0)   (0,0)  (-1,0)   (0,0)   (0,0)   (0,0)   (0,0)   (0,0)   (0,0)   (0,0)   (0,0)   (0,0)   (0,0)   (0,0)   (0,0)   (0,0)   (0,0)   (0,0)

VELOCITY_3 + VELOCITY_5 = 0
(0,0)   (0,0)   (0,0)   (0,0)   (0,0)   (0,0)   (1,0)   (0,0)   (0,0)   (0,0)   (0,0)   (0,0)   (1,0)   (0,0)   (0,0)   (0,0)   (0,0)   (0,0)   (0,0)   (0,0)   (0,0)   (0,0)   (0,0)   (0,0)

PRESSURE_4 - PRESSURE_9 = 0
(0,0)   (0,0)   (0,0)   (1,0)   (0,0)   (0,0)   (0,0)   (0,0)   (0,0)   (0,0)   (0,0)   (0,0)   (0,0)   (0,0)   (0,0)   (0,0)  (-1,0)   (0,0)   (0,0)   (0,0)   (0,0)   (0,0)   (0,0)   (0,0)

VELOCITY_4 + VELOCITY_9 = 0
(0,0)   (0,0)   (0,0)   (0,0)   (0,0)   (0,0)   (0,0)   (1,0)   (0,0)   (0,0)   (0,0)   (0,0)   (0,0)   (0,0)   (0,0)   (0,0)   (0,0)   (0,0)   (0,0)   (0,0)   (1,0)   (0,0)   (0,0)   (0,0)


(0,0)   (0,0)   (0,0)   (0,0)   (1,0)   (0,0)   (0,0)   (0,0)   (0,0)   (0,0)   (0,0)   (0,0)   (0,0)   (0,0)   (0,0)   (0,0)   (0,0)   (0,0)   (0,0)   (0,0)   (0,0)   (0,0)   (0,0)   (0,0)

(0,0)   (0,0)   (0,0)   (0,0)   (0,0)   (0,0)   (0,0)   (0,0)   (0,0)   (0,0)   (0,0)   (0,0)   (0,0)   (0,0)   (1,0)   (0,0)   (0,0)   (0,0)   (0,0)   (0,0)   (0,0)   (0,0)   (0,0)   (0,0)

(0,0)   (0,0)   (0,0)   (0,0)   (0,0)   (0,0)   (0,0)   (0,0)   (0,0)   (0,0)   (0,0)   (0,0)   (0,0)   (0,0)   (0,0)   (0,0)   (0,0)   (0,0)   (0,0)   (0,0)   (0,0)   (1,0)   (0,0)   (0,0)

(0,0)   (0,0)   (0,0)   (0,0)   (0,0)   (0,0)   (0,0)   (0,0)   (0,0)   (0,0)   (0,0)   (0,0)   (0,0)   (0,0)   (0,0)   (0,0)   (0,0)   (0,0)   (0,0)   (0,0)   (0,0)   (0,0)   (1,0)   (0,0)