(1,0)                 (0,0)                 (0,0)                 (0,0) (2.29571e-13,3749.18) (2.29079e-13,3741.14) (2.30292e-13,3760.96) (2.29079e-13,3741.15)                 (0,0)                 (0,0)                 (0,0)                 (0,0)                 (0,0)                 (0,0)                 (0,0)                 (0,0)

(0,0)                 (1,0)                 (0,0)                 (0,0) (2.30257e-13,3760.39) (2.28393e-13,3729.94) (2.30258e-13,3760.39)  (2.29113e-13,3741.7)                 (0,0)                 (0,0)                 (0,0)                 (0,0)                 (0,0)                 (0,0)                 (0,0)                 (0,0)

(0,0)                 (0,0)                 (1,0)                 (0,0) (2.30292e-13,3760.96) (2.29079e-13,3741.14) (2.29571e-13,3749.19) (2.29079e-13,3741.15)                 (0,0)                 (0,0)                 (0,0)                 (0,0)                 (0,0)                 (0,0)                 (0,0)                 (0,0)

(0,0)                 (0,0)                 (0,0)                 (1,0)  (2.30258e-13,3760.4)  (2.29113e-13,3741.7) (2.30258e-13,3760.39) (2.28393e-13,3729.94)                 (0,0)                 (0,0)                 (0,0)                 (0,0)                 (0,0)                 (0,0)                 (0,0)                 (0,0)



(0,0)                 (0,0)                 (0,0)                 (0,0)                 (0,0)                 (0,0)                 (0,0)                 (0,0)                 (1,0)                 (0,0)                 (0,0)                 (0,0) (2.29571e-13,3749.18) (2.29079e-13,3741.14) (2.30292e-13,3760.96) (2.29079e-13,3741.15)
(0,0)                 (0,0)                 (0,0)                 (0,0)                 (0,0)                 (0,0)                 (0,0)                 (0,0)                 (0,0)                 (1,0)                 (0,0)                 (0,0) (2.30257e-13,3760.39) (2.28393e-13,3729.94) (2.30258e-13,3760.39)  (2.29113e-13,3741.7)
(0,0)                 (0,0)                 (0,0)                 (0,0)                 (0,0)                 (0,0)                 (0,0)                 (0,0)                 (0,0)                 (0,0)                 (1,0)                 (0,0) (2.30292e-13,3760.96) (2.29079e-13,3741.14) (2.29571e-13,3749.19) (2.29079e-13,3741.15)
(0,0)                 (0,0)                 (0,0)                 (0,0)                 (0,0)                 (0,0)                 (0,0)                 (0,0)                 (0,0)                 (0,0)                 (0,0)                 (1,0)  (2.30258e-13,3760.4)  (2.29113e-13,3741.7) (2.30258e-13,3760.39) (2.28393e-13,3729.94)

//Port 2 Velocity_2 == 0
(0,0)                 (0,0)                 (0,0)                 (0,0)                 (0,0)                 (1,0)                 (0,0)                 (0,0)                 (0,0)                 (0,0)                 (0,0)                 (0,0)                 (0,0)                 (0,0)                 (0,0)                 (0,0)

//Port 3 Velocity_3 == 0
(0,0)                 (0,0)                 (0,0)                 (0,0)                 (0,0)                 (0,0)                 (1,0)                 (0,0)                 (0,0)                 (0,0)                 (0,0)                 (0,0)                 (0,0)                 (0,0)                 (0,0)                 (0,0)

//Port 5 Velocity_5 == 0
(0,0)                 (0,0)                 (0,0)                 (0,0)                 (0,0)                 (0,0)                 (0,0)                 (0,0)                 (0,0)                 (0,0)                 (0,0)                 (0,0)                 (1,0)                 (0,0)                 (0,0)                 (0,0)


//Port 8 VELOCITY_8 == 0
(0,0)                 (0,0)                 (0,0)                 (0,0)                 (0,0)                 (0,0)                 (0,0)                 (0,0)                 (0,0)                 (0,0)                 (0,0)                 (0,0)                 (0,0)                 (0,0)                 (0,0)                 (1,0)


Port 4 PRES_4 = PRES_6, VEL_4 = -VEL_6
(0,0)                 (0,0)                 (0,0)                 (1,0)                 (0,0)                 (0,0)                 (0,0)                 (1,0)                 (0,0)                (-1,0)                 (0,0)                 (0,0)                 (0,0)                 (1,0)                 (0,0)                 (0,0)


Port 6 PRES_4 = PRES_6 VEL_4 = -VEL_6
(0,0)                 (0,0)                 (0,0)                 (1,0)                 (0,0)                 (0,0)                 (0,0)                 (1,0)                 (0,0)                (-1,0)                 (0,0)                 (0,0)                 (0,0)                 (1,0)                 (0,0)                 (0,0)


Port 1 VEL_1
(0,0)                 (0,0)                 (0,0)                 (0,0)                 (1,0)                 (0,0)                 (0,0)                 (0,0)                 (0,0)                 (0,0)                 (0,0)                 (0,0)                 (0,0)                 (0,0)                 (0,0)                 (0,0)

PORT 7 VEL_7
(0,0)                 (0,0)                 (0,0)                 (0,0)                 (0,0)                 (0,0)                 (0,0)                 (0,0)                 (0,0)                 (0,0)                 (0,0)                 (0,0)                 (0,0)                 (0,0)                 (1,0)                 (0,0)
