

(1,0)   (0,0)   (0,0)   (0,0) (-7.52418e-14,-1228.79)   (6.93365e-14,1132.35)   (2.49341e-13,4072.05) (-1.01098e-14,-165.106)   (0,0)   (0,0)   (0,0)   (0,0)   (0,0)   (0,0)   (0,0)   (0,0)


(0,0)   (1,0)   (0,0)   (0,0)    (1.8293e-14,298.748)    (-1.7979e-12,-29362) (-1.33093e-12,-21735.7)   (1.85657e-12,30320.1)   (0,0)   (0,0)   (0,0)   (0,0)   (0,0)   (0,0)   (0,0)   (0,0)


(0,0)   (0,0)   (1,0)   (0,0)    (4.08272e-14,666.76)   (6.94432e-14,1134.09)    (3.6475e-13,5956.81)  (-1.2624e-13,-2061.65)   (0,0)   (0,0)   (0,0)   (0,0)   (0,0)   (0,0)   (0,0)   (0,0)


(0,0)   (0,0)   (0,0)   (1,0)   (1.85032e-14,302.181)    (1.6642e-12,27178.4)     (7.44281e-13,12155) (-1.72096e-12,-28105.5)   (0,0)   (0,0)   (0,0)   (0,0)   (0,0)   (0,0)   (0,0)   (0,0)


(0,0)   (0,0)   (0,0)   (0,0)   (0,0)   (0,0)   (0,0)   (0,0)   (1,0)   (0,0)   (0,0)   (0,0) (-7.52418e-14,-1228.79)   (6.93365e-14,1132.35)   (2.49341e-13,4072.05) (-1.01098e-14,-165.106)


(0,0)   (0,0)   (0,0)   (0,0)   (0,0)   (0,0)   (0,0)   (0,0)   (0,0)   (1,0)   (0,0)   (0,0)    (1.8293e-14,298.748)    (-1.7979e-12,-29362) (-1.33093e-12,-21735.7)   (1.85657e-12,30320.1)


(0,0)   (0,0)   (0,0)   (0,0)   (0,0)   (0,0)   (0,0)   (0,0)   (0,0)   (0,0)   (1,0)   (0,0)    (4.08272e-14,666.76)   (6.94432e-14,1134.09)    (3.6475e-13,5956.81)  (-1.2624e-13,-2061.65)


(0,0)   (0,0)   (0,0)   (0,0)   (0,0)   (0,0)   (0,0)   (0,0)   (0,0)   (0,0)   (0,0)   (1,0)   (1.85032e-14,302.181)    (1.6642e-12,27178.4)     (7.44281e-13,12155) (-1.72096e-12,-28105.5)

v_2 = 0
(0,0)   (0,0)   (0,0)   (0,0)   (0,0)   (1,0)   (0,0)   (0,0)   (0,0)   (0,0)   (0,0)   (0,0)   (0,0)   (0,0)   (0,0)   (0,0)

v_3 = 0
(0,0)   (0,0)   (0,0)   (0,0)   (0,0)   (0,0)   (1,0)   (0,0)   (0,0)   (0,0)   (0,0)   (0,0)   (0,0)   (0,0)   (0,0)   (0,0)

v_5 = 0
(0,0)   (0,0)   (0,0)   (0,0)   (0,0)   (0,0)   (0,0)   (0,0)   (0,0)   (0,0)   (0,0)   (0,0)   (1,0)   (0,0)   (0,0)   (0,0)

v_8 = 0
(0,0)   (0,0)   (0,0)   (0,0)   (0,0)   (0,0)   (0,0)   (0,0)   (0,0)   (0,0)   (0,0)   (0,0)   (0,0)   (0,0)   (0,0)   (1,0)

p_4 = -p_6
(0,0)   (0,0)   (0,0)   (1,0)   (0,0)   (0,0)   (0,0)   (0,0)   (0,0)  (-1,0)   (0,0)   (0,0)   (0,0)   (0,0)   (0,0)   (0,0)

v_4 = v_6
(0,0)   (0,0)   (0,0)   (0,0)   (0,0)   (0,0)   (0,0)   (1,0)   (0,0)   (0,0)   (0,0)   (0,0)   (0,0)   (1,0)   (0,0)   (0,0)

v_1 = 0
(0,0)   (0,0)   (0,0)   (0,0)   (1,0)   (0,0)   (0,0)   (0,0)   (0,0)   (0,0)   (0,0)   (0,0)   (0,0)   (0,0)   (0,0)   (0,0)

v_7 = 0
(0,0)   (0,0)   (0,0)   (0,0)   (0,0)   (0,0)   (0,0)   (0,0)   (0,0)   (0,0)   (0,0)   (0,0)   (0,0)   (0,0)   (1,0)   (0,0)