(1,0)                   (0,0)                   (0,0)                   (0,0) (-8.24436e-15,-134.641)   (4.76139e-14,777.594)   (1.78019e-13,2907.27) (-2.22127e-14,-362.761)                   (0,0)                   (0,0)                   (0,0)                   (0,0)                   (0,0)                   (0,0)                   (0,0)                   (0,0)
                  

(0,0)                   (1,0)                   (0,0)                   (0,0)   (1.20337e-14,196.525) (-3.14235e-13,-5131.85) (-1.66149e-13,-2713.42)   (3.39605e-13,5546.16)                   (0,0)                   (0,0)                   (0,0)                   (0,0)                   (0,0)                   (0,0)                   (0,0)                   (0,0)


(0,0)                   (0,0)                   (1,0)                   (0,0)   (1.34163e-14,219.106)    (4.7552e-14,776.583)   (1.99597e-13,3259.67)  (-4.38062e-14,-715.41)                   (0,0)                   (0,0)                   (0,0)                   (0,0)                   (0,0)                   (0,0)                   (0,0)                   (0,0)
                  

(0,0)                   (0,0)                   (0,0)                   (1,0)   (1.20475e-14,196.751)   (3.34737e-13,5466.67)   (2.23103e-13,3643.55) (-3.31001e-13,-5405.66)                   (0,0)                   (0,0)                   (0,0)                   (0,0)                   (0,0)                   (0,0)                   (0,0)                   (0,0)
                  

(0,0)                   (0,0)                   (0,0)                   (0,0)                   (0,0)                   (0,0)                   (0,0)                   (0,0)                   (1,0)                   (0,0)                   (0,0)                   (0,0) (-8.24436e-15,-134.641)   (4.76139e-14,777.594)   (1.78019e-13,2907.27) (-2.22127e-14,-362.761)
                  

(0,0)                   (0,0)                   (0,0)                   (0,0)                   (0,0)                   (0,0)                   (0,0)                   (0,0)                   (0,0)                   (1,0)                   (0,0)                   (0,0)   (1.20337e-14,196.525) (-3.14235e-13,-5131.85) (-1.66149e-13,-2713.42)   (3.39605e-13,5546.16)
                  

(0,0)                   (0,0)                   (0,0)                   (0,0)                   (0,0)                   (0,0)                   (0,0)                   (0,0)                   (0,0)                   (0,0)                   (1,0)                   (0,0)   (1.34163e-14,219.106)    (4.7552e-14,776.583)   (1.99597e-13,3259.67)  (-4.38062e-14,-715.41)


(0,0)                   (0,0)                   (0,0)                   (0,0)                   (0,0)                   (0,0)                   (0,0)                   (0,0)                   (0,0)                   (0,0)                   (0,0)                   (1,0)   (1.20475e-14,196.751)   (3.34737e-13,5466.67)   (2.23103e-13,3643.55) (-3.31001e-13,-5405.66)


VELOCITY_2 = 0
(0,0)                   (0,0)                   (0,0)                   (0,0)                   (0,0)                   (1,0)                   (0,0)                   (0,0)                   (0,0)                   (0,0)                   (0,0)                   (0,0)                   (0,0)                   (0,0)                   (0,0)                   (0,0)


VELOCITY_3 = 0
(0,0)                   (0,0)                   (0,0)                   (0,0)                   (0,0)                   (0,0)                   (1,0)                   (0,0)                   (0,0)                   (0,0)                   (0,0)                   (0,0)                   (0,0)                   (0,0)                   (0,0)                   (0,0)

                 
VELOCITY_5 = 0
(0,0)                   (0,0)                   (0,0)                   (0,0)                   (0,0)                   (0,0)                   (0,0)                   (0,0)                   (0,0)                   (0,0)                   (0,0)                   (0,0)                   (1,0)                   (0,0)                   (0,0)                   (0,0)


VELOCITY_8 = 0
(0,0)                   (0,0)                   (0,0)                   (0,0)                   (0,0)                   (0,0)                   (0,0)                   (0,0)                   (0,0)                   (0,0)                   (0,0)                   (0,0)                   (0,0)                   (0,0)                   (0,0)                   (1,0)
                  

PRES_4 - PRES_6 = 0&& VEL_4 + VEL_6 = 0
(0,0)                   (0,0)                   (0,0)                   (1,0)                   (0,0)                   (0,0)                   (0,0)                   (1,0)                   (0,0)                  (-1,0)                   (0,0)                   (0,0)                   (0,0)                   (1,0)                   (0,0)                   (0,0)


PRES_4 - PRES_6 = 0 && VEL_4 + VEL_6 = 0
(0,0)                   (0,0)                   (0,0)                   (1,0)                   (0,0)                   (0,0)                   (0,0)                   (1,0)                   (0,0)                  (-1,0)                   (0,0)                   (0,0)                   (0,0)                   (1,0)                   (0,0)                   (0,0)

                  (0,0)                   (0,0)                   (0,0)                   (0,0)                   (1,0)                   (0,0)                   (0,0)                   (0,0)                   (0,0)                   (0,0)                   (0,0)                   (0,0)                   (0,0)                   (0,0)                   (0,0)                   (0,0)
                  (0,0)                   (0,0)                   (0,0)                   (0,0)                   (0,0)                   (0,0)                   (0,0)                   (0,0)                   (0,0)                   (0,0)                   (0,0)                   (0,0)                   (0,0)                   (0,0)                   (1,0)                   (0,0)
